a = [1,2;3,4]

a =

     1     2
     3     4

b = [2,-3;0,4]

b =

     2    -3
     0     4

a.*b

ans =

     2    -6
     0    16

a*b

ans =

     2     5
     6     7

a+b

ans =

     3    -1
     3     8

a.+b
 a.+b
   
{Error: Unexpected MATLAB operator.
} 
a(1,2)

ans =

     2

a(1,:)  %ca³y 1 wiersz

ans =

     1     2

a(:,2)

ans =

     2
     4

a(end,end)

ans =

     4

a^2

ans =

     7    10
    15    22

a.^2

ans =

     1     4
     9    16

2.^a

ans =

     2     4
     8    16

a.^b

ans =

    1.0000    0.1250
    1.0000  256.0000

c=[a;b]

c =

     1     2
     3     4
     2    -3
     0     4

c=[c [2;-3;1;5]]

c =

     1     2     2
     3     4    -3
     2    -3     1
     0     4     5

c+2

ans =

     3     4     4
     5     6    -1
     4    -1     3
     2     6     7

d=ans

d =

     3     4     4
     5     6    -1
     4    -1     3
     2     6     7

d(end/2, end-1)

ans =

     6

d(1,1:end)

ans =

     3     4     4

d(1,:)

ans =

     3     4     4

d(1,2:end)

ans =

     4     4

e=[5:3:100]

e =

  Columns 1 through 23

     5     8    11    14    17    20    23    26    29    32    35    38    41    44    47    50    53    56    59    62    65    68    71

  Columns 24 through 32

    74    77    80    83    86    89    92    95    98

e(7:12)

ans =

    23    26    29    32    35    38

d(end)

ans =

     7

d(11)

ans =

     3

d(end)=d(end,end)

d =

     3     4     4
     5     6    -1
     4    -1     3
     2     6     7

e(7:12)'

ans =

    23
    26
    29
    32
    35
    38

f=[3:2:9]

f =

     3     5     7     9

f=[3:-2:-9]

f =

     3     1    -1    -3    -5    -7    -9


2.^f

ans =

    8.0000    2.0000    0.5000    0.1250    0.0313    0.0078    0.0020


linspace(2,150,10)

ans =

    2.0000   18.4444   34.8889   51.3333   67.7778   84.2222  100.6667  117.1111  133.5556  150.0000


d1=d

d1 =

     3     4     4
     5     6    -1
     4    -1     3
     2     6     7

d(2,2)=0

d =

     3     4     4
     5     0    -1
     4    -1     3
     2     6     7

d(3,:)=[]

d =

     3     4     4
     5     0    -1
     2     6     7

d(:,end+1)=[1:3]'

d =

     3     4     4     1
     5     0    -1     2
     2     6     7     3

size(d)

ans =

     3     4


size(d,1)

ans =

     3

size(d,2)

ans =

     4

[d(:,1) [1:size(d,1)]' d(:,2:end)]

ans =

     3     1     4     4     1
     5     2     0    -1     2
     2     3     6     7     3

eye(7)

ans =

     1     0     0     0     0     0     0
     0     1     0     0     0     0     0
     0     0     1     0     0     0     0
     0     0     0     1     0     0     0
     0     0     0     0     1     0     0
     0     0     0     0     0     1     0
     0     0     0     0     0     0     1

ones(3,5)

ans =

     1     1     1     1     1
     1     1     1     1     1
     1     1     1     1     1

ones(6)

ans =

     1     1     1     1     1     1
     1     1     1     1     1     1
     1     1     1     1     1     1
     1     1     1     1     1     1
     1     1     1     1     1     1
     1     1     1     1     1     1

zeros(5)

ans =

     0     0     0     0     0
     0     0     0     0     0
     0     0     0     0     0
     0     0     0     0     0
     0     0     0     0     0

ones(size(d))

ans =

     1     1     1     1
     1     1     1     1
     1     1     1     1

eye(size(d,1))

ans =

     1     0     0
     0     1     0
     0     0     1

eye(size(d,2))

ans =

     1     0     0     0
     0     1     0     0
     0     0     1     0
     0     0     0     1

3.*ones(6)

ans =

     3     3     3     3     3     3
     3     3     3     3     3     3
     3     3     3     3     3     3
     3     3     3     3     3     3
     3     3     3     3     3     3
     3     3     3     3     3     3

ones(7)-eye(7)

ans =

     0     1     1     1     1     1     1
     1     0     1     1     1     1     1
     1     1     0     1     1     1     1
     1     1     1     0     1     1     1
     1     1     1     1     0     1     1
     1     1     1     1     1     0     1
     1     1     1     1     1     1     0

diag(d)

ans =

     3
     0
     7

diag([1:5])

ans =

     1     0     0     0     0
     0     2     0     0     0
     0     0     3     0     0
     0     0     0     4     0
     0     0     0     0     5

diag(d:2)

ans =

     []

diag(d,2)

ans =

     4
     2

diag(d,-2)

ans =

     2

flip(a)

ans =

     3     4
     1     2

flip(a,1)

ans =

     3     4
     1     2

flip(a,2)

ans =

     2     1
     4     3

sum(d)

ans =

    10    10    10     6

sum(sum(d))

ans =

    36

sum(d,1)

ans =

    10    10    10     6

sum(d,2)

ans =

    12
     6
    18

g=[1:10]'*[1:10]

g =

     1     2     3     4     5     6     7     8     9    10
     2     4     6     8    10    12    14    16    18    20
     3     6     9    12    15    18    21    24    27    30
     4     8    12    16    20    24    28    32    36    40
     5    10    15    20    25    30    35    40    45    50
     6    12    18    24    30    36    42    48    54    60
     7    14    21    28    35    42    49    56    63    70
     8    16    24    32    40    48    56    64    72    80
     9    18    27    36    45    54    63    72    81    90
    10    20    30    40    50    60    70    80    90   100

h=[eye(7)-ones(7)]

h =

     0    -1    -1    -1    -1    -1    -1
    -1     0    -1    -1    -1    -1    -1
    -1    -1     0    -1    -1    -1    -1
    -1    -1    -1     0    -1    -1    -1
    -1    -1    -1    -1     0    -1    -1
    -1    -1    -1    -1    -1     0    -1
    -1    -1    -1    -1    -1    -1     0

eye(5)

ans =

     1     0     0     0     0
     0     1     0     0     0
     0     0     1     0     0
     0     0     0     1     0
     0     0     0     0     1

[flip(eye(5)) eye(5);eye(5) flip(eye(5))]

ans =

     0     0     0     0     1     1     0     0     0     0
     0     0     0     1     0     0     1     0     0     0
     0     0     1     0     0     0     0     1     0     0
     0     1     0     0     0     0     0     0     1     0
     1     0     0     0     0     0     0     0     0     1
     1     0     0     0     0     0     0     0     0     1
     0     1     0     0     0     0     0     0     1     0
     0     0     1     0     0     0     0     1     0     0
     0     0     0     1     0     0     1     0     0     0
     0     0     0     0     1     1     0     0     0     0

diary off
