>> %Zadanie 1
>> a=[3:4:119]

a =

  Columns 1 through 23

     3     7    11    15    19    23    27    31    35    39    43    47    51    55    59    63    67    71    75    79    83    87    91

  Columns 24 through 30

    95    99   103   107   111   115   119

>> b=reshape(a,5,6)

b =

     3    23    43    63    83   103
     7    27    47    67    87   107
    11    31    51    71    91   111
    15    35    55    75    95   115
    19    39    59    79    99   119

>> flip(b,2)

ans =

   103    83    63    43    23     3
   107    87    67    47    27     7
   111    91    71    51    31    11
   115    95    75    55    35    15
   119    99    79    59    39    19

>> rot90(ans)

ans =

     3     7    11    15    19
    23    27    31    35    39
    43    47    51    55    59
    63    67    71    75    79
    83    87    91    95    99
   103   107   111   115   119

>> %macierz nr 2
>> a2=zeros(5)

a2 =

     0     0     0     0     0
     0     0     0     0     0
     0     0     0     0     0
     0     0     0     0     0
     0     0     0     0     0

>> k=25;
>> a2(1,1)=1;
>> a2((3:4:4))=2

a2 =

     1     0     0     0     0
     0     0     0     0     0
     2     0     0     0     0
     0     0     0     0     0
     0     0     0     0     0

>> a2((3:4:k))=2

a2 =

     1     0     2     0     0
     0     2     0     0     0
     2     0     0     0     2
     0     0     0     2     0
     0     0     2     0     0

>> a2((5:4:k))=3

a2 =

     1     0     2     0     3
     0     2     0     3     0
     2     0     3     0     2
     0     3     0     2     0
     3     0     2     0     3

>> a2((15:4:k))=4

a2 =

     1     0     2     0     3
     0     2     0     3     0
     2     0     3     0     4
     0     3     0     4     0
     3     0     4     0     3

>> a2((25:4:k))=5

a2 =

     1     0     2     0     3
     0     2     0     3     0
     2     0     3     0     4
     0     3     0     4     0
     3     0     4     0     5

>> %Zadanie 2

>> threeseven(5,6)

x =

     3     7     3     7     3     7
     7     3     7     3     7     3
     3     7     3     7     3     7
     7     3     7     3     7     3
     3     7     3     7     3     7


ans =

    0.0260

>> threeseven(5,6)

ans =

   3.5100e-04

   
   ---------------------------- funkcja
function t = threeseven(m,n)
%UNTITLED Summary of this function goes here
%   Detailed explanation goes here
tic;
x=ones(m,n);
x=x+2;
k=m*n;
x((2:2:k))=7;
x;
t=toc;
end 
   
   --------------------------------------
>> %Zadanie 3
>> primes(233)

ans =

  Columns 1 through 22

     2     3     5     7    11    13    17    19    23    29    31    37    41    43    47    53    59    61    67    71    73    79

  Columns 23 through 44

    83    89    97   101   103   107   109   113   127   131   137   139   149   151   157   163   167   173   179   181   191   193

  Columns 45 through 51

   197   199   211   223   227   229   233

>> p=ans;
>> a=p(1:1:17);
>> b=p(18:1:34);
>> c=p(35:1:51);
>> aa=[a(1:3:17), b(1:3:17), c(1:3:17)]

aa =

     2     7    17    29    41    53    61    73    89   103   113   137   149   163   179   193   211   229

>> bb=[a(1:3:17), b(2:3:17), c(3:3:17)]

bb =

     2     7    17    29    41    53    67    79    97   107   127   139   157   173   191   199   227

>> cc=[a(1), b(1), c(1), a(2), b(2), c(2), a(3), b(3), c(3)] %itd

cc =

     2    61   149     3    67   151     5    71   157

>> %Zadanie 4
>> x = randi([5,8],[1,1])

x =

     7

>> y = randi([7,10],[1,1])

y =

    10

>> A = randi([3,10],[x,y])

A =

     6     5    10     6     5    10     9     6     7    10
     6     4    10     3     6     6     9     5     6     9
     5     7     4     5     5     3     9     9     8     9
     6     5     5     3     9     3     9     7    10     5
     3     7     9     6     6     6     9     5     5     5
    10     6     4     8     5     6     7     7     6     3
     5     3     8     9     6     6    10     9     5     5

>> B = randi([-3,5],[y,x])

B =

     0    -1     0    -2     4    -2    -3
     5     3     4    -2     4     4     0
     5     1    -3     4     2     1    -2
     3     0     3     0    -2    -1     0
     1    -2    -2     2    -3     0    -1
     0     1    -1     5     2     0     0
    -2     2     1    -1     5     2     1
     1    -3    -1     2     1     3    -2
     2     2     0     5     1     3     0
    -2     5    -3    -3     4     5     5

>> %Zad4 term by term A and B
>> Zad4a = A.*B
Matrix dimensions must agree.
 
>> %Zad4 matrix A and B
>> Zad4am = A*B

Zad4am =

    80    83   -39    86   155   119     4
    66    70   -46    66   140   107     0
    64    65    -9    39   135   131     8
    67    41   -20    71   109   104   -17
    91    59   -10    69   115    98    -9
    78    28    11    52   113    68   -35
    77    34   -17    76   108    88   -20

>> %Zad4 term by term A and B'
>> Zad4at = A.*B'

Zad4at =

     0    25    50    18     5     0   -18     6    14   -20
    -6    12    10     0   -12     6    18   -15    12    45
     0    28   -12    15   -10    -3     9    -9     0   -27
   -12   -10    20     0    18    15    -9    14    50   -15
    12    28    18   -12   -18    12    45     5     5    20
   -20    24     4    -8     0     0    14    21    18    15
   -15     0   -16     0    -6     0    10   -18     0    25

>> %Zad4 matrix A and B'
>> Zad4amT = A*B'
Error using  * 
Inner matrix dimensions must agree.
 
>> %Zadanie 5
>> A

A =

     6     5    10     6     5    10     9     6     7    10
     6     4    10     3     6     6     9     5     6     9
     5     7     4     5     5     3     9     9     8     9
     6     5     5     3     9     3     9     7    10     5
     3     7     9     6     6     6     9     5     5     5
    10     6     4     8     5     6     7     7     6     3
     5     3     8     9     6     6    10     9     5     5

>> k = find(A == 5)

k =

     3
     7
     8
    11
    18
    24
    29
    31
    34
    51
    54
    61
    63
    67
    68
    70

>> numberA5 = length(k)

numberA5 =

    16

>> %Zadanie 6 a
>> Bt=B'

Bt =

     0     5     5     3     1     0    -2     1     2    -2
    -1     3     1     0    -2     1     2    -3     2     5
     0     4    -3     3    -2    -1     1    -1     0    -3
    -2    -2     4     0     2     5    -1     2     5    -3
     4     4     2    -2    -3     2     5     1     1     4
    -2     4     1    -1     0     0     2     3     3     5
    -3     0    -2     0    -1     0     1    -2     0     5

>> %Zadanie 6 b
>> A

A =

     6     5    10     6     5    10     9     6     7    10
     6     4    10     3     6     6     9     5     6     9
     5     7     4     5     5     3     9     9     8     9
     6     5     5     3     9     3     9     7    10     5
     3     7     9     6     6     6     9     5     5     5
    10     6     4     8     5     6     7     7     6     3
     5     3     8     9     6     6    10     9     5     5

>> Bt(A>=8)=A(A>=8)

Bt =

     0     5    10     3     1    10     9     1     2    10
    -1     3    10     0    -2     1     9    -3     2     9
     0     4    -3     3    -2    -1     9     9     8     9
    -2    -2     4     0     9     5     9     2    10    -3
     4     4     9    -2    -3     2     9     1     1     4
    10     4     1     8     0     0     2     3     3     5
    -3     0     8     9    -1     0    10     9     0     5

>> %Zadanie 6 c
>> A(A<=5)=Bt(A<=5)

