>> %Zadanie 1
>> Z=randi(15,6)

Z =

    15     6     6    15     7    12
     5     5    14    15     8     4
     2     5     9     9     3    15
     2     9     7     1     7     8
     2     4    12     5     6     7
    15    13    14    12     1     7

>> A1=Z<6

A1 =

  6×6 logical array

   0   0   0   0   0   0
   1   1   0   0   0   1
   1   1   0   0   1   0
   1   0   0   1   0   0
   1   1   0   1   0   0
   0   0   0   0   1   0

>> A1=3.*A1

A1 =

     0     0     0     0     0     0
     3     3     0     0     0     3
     3     3     0     0     3     0
     3     0     0     3     0     0
     3     3     0     3     0     0
     0     0     0     0     3     0

>> A2=(Z==6)+(Z==7)

A2 =

     0     1     1     0     1     0
     0     0     0     0     0     0
     0     0     0     0     0     0
     0     0     1     0     1     0
     0     0     0     0     1     1
     0     0     0     0     0     1

>> A2=4.*A2

A2 =

     0     4     4     0     4     0
     0     0     0     0     0     0
     0     0     0     0     0     0
     0     0     4     0     4     0
     0     0     0     0     4     4
     0     0     0     0     0     4

>> A3=(Z==8)+(Z==9)

A3 =

     0     0     0     0     0     0
     0     0     0     0     1     0
     0     0     1     1     0     0
     0     1     0     0     0     1
     0     0     0     0     0     0
     0     0     0     0     0     0

>> A3=5.*A3

A3 =

     0     0     0     0     0     0
     0     0     0     0     5     0
     0     0     5     5     0     0
     0     5     0     0     0     5
     0     0     0     0     0     0
     0     0     0     0     0     0

>> A4=(Z==10)+(Z==11)

A4 =

     0     0     0     0     0     0
     0     0     0     0     0     0
     0     0     0     0     0     0
     0     0     0     0     0     0
     0     0     0     0     0     0
     0     0     0     0     0     0

>> A4=6.*A4

A4 =

     0     0     0     0     0     0
     0     0     0     0     0     0
     0     0     0     0     0     0
     0     0     0     0     0     0
     0     0     0     0     0     0
     0     0     0     0     0     0

>> A5=(Z==12)+(Z==13)

A5 =

     0     0     0     0     0     1
     0     0     0     0     0     0
     0     0     0     0     0     0
     0     0     0     0     0     0
     0     0     1     0     0     0
     0     1     0     1     0     0

>> A5=7.*A5

A5 =

     0     0     0     0     0     7
     0     0     0     0     0     0
     0     0     0     0     0     0
     0     0     0     0     0     0
     0     0     7     0     0     0
     0     7     0     7     0     0

>> A6=(Z==14)+(Z==15)

A6 =

     1     0     0     1     0     0
     0     0     1     1     0     0
     0     0     0     0     0     1
     0     0     0     0     0     0
     0     0     0     0     0     0
     1     0     1     0     0     0

>> A6=8.*A6

A6 =

     8     0     0     8     0     0
     0     0     8     8     0     0
     0     0     0     0     0     8
     0     0     0     0     0     0
     0     0     0     0     0     0
     8     0     8     0     0     0

>> A0=A1+A2+A3+A4+A5+A6

A0 =

     8     4     4     8     4     7
     3     3     8     8     5     3
     3     3     5     5     3     8
     3     5     4     3     4     5
     3     3     7     3     4     4
     8     7     8     7     3     4

>> %Zadanie 1 b
>> circshift(A0,[1 -2])

ans =

     8     7     3     4     8     7
     4     8     4     7     8     4
     8     8     5     3     3     3
     5     5     3     8     3     3
     4     3     4     5     3     5
     7     3     4     4     3     3

>> %Zadanie 1 c
>> any(A0==3)

ans =

  1×6 logical array

   1   1   0   1   1   1

>> all(any(A0==3))

ans =

  logical

   0

>> %Zadanie 1 d
>> A=[A0(:,1:2)]

A =

     8     4
     3     3
     3     3
     3     5
     3     3
     8     7

>> B=[A0(:,3) Z(:,4); A0(:,5) Z(:,6)]

B =

     4    15
     8    15
     5     9
     4     1
     7     5
     8    12
     4    12
     5     4
     3    15
     4     8
     4     7
     3     7

>> %Zadanie 1 e
>> [k,g]=ismember(A,B,'rows')

k =

  6×1 logical array

   0
   0
   0
   0
   0
   0


g =

     0
     0
     0
     0
     0
     0

>> %Zadanie 2
>> x=randi(9,[23,1]);
>> y=randi(9,[23,1]);
>> xy=[x y];
>> xy=unique(sort(xy')','rows');
>> size(xy)

ans =

    19     2

>> x=xy(:,1);
>> y=xy(:,2);
>> dg=graph(x,y)

dg = 

  graph with properties:

    Edges: [19×1 table]
    Nodes: [9×0 table]

>> pg=plot(dg)

pg = 

  GraphPlot with properties:

     NodeColor: [0 0.4470 0.7410]
    MarkerSize: 4
        Marker: 'o'
     EdgeColor: [0 0.4470 0.7410]
     LineWidth: 0.5000
     LineStyle: '-'
     NodeLabel: {'1'  '2'  '3'  '4'  '5'  '6'  '7'  '8'  '9'}
     EdgeLabel: {}
         XData: [3.7627 0.6953 0.3892 1.7871 1.7115 2.9842 2.0263 2.8477 2.5315]
         YData: [0.3922 1.7270 3.0071 2.1279 0.6657 1.1458 1.3354 1.9896 0.3922]
         ZData: [0 0 0 0 0 0 0 0 0]

  Show all properties

>> dgAdd=addedge(dg,[1, 1, 1, 3],[6, 8, 9, 8])

dgAdd = 

  graph with properties:

    Edges: [23×1 table]
    Nodes: [9×0 table]

>> pg=plot(dgAdd)

pg = 

  GraphPlot with properties:

     NodeColor: [0 0.4470 0.7410]
    MarkerSize: 4
        Marker: 'o'
     EdgeColor: [0 0.4470 0.7410]
     LineWidth: 0.5000
     LineStyle: '-'
     NodeLabel: {'1'  '2'  '3'  '4'  '5'  '6'  '7'  '8'  '9'}
     EdgeLabel: {}
         XData: [2.0915 -1.6998 -0.7725 -0.2654 -0.7020 0.7897 -0.5816 0.6109 0.5291]
         YData: [0.6732 -0.5583 -1.9663 -0.7216 1.0625 0.4638 0.2905 -0.5177 1.2740]
         ZData: [0 0 0 0 0 0 0 0 0]

  Show all properties

>> n=neighbors(dgAdd, 7)

n =

     2
     6
     8
     9

>> pg=plot(dgAdd)

pg = 

  GraphPlot with properties:

     NodeColor: [0 0.4470 0.7410]
    MarkerSize: 4
        Marker: 'o'
     EdgeColor: [0 0.4470 0.7410]
     LineWidth: 0.5000
     LineStyle: '-'
     NodeLabel: {'1'  '2'  '3'  '4'  '5'  '6'  '7'  '8'  '9'}
     EdgeLabel: {}
         XData: [2.0915 -1.6998 -0.7725 -0.2654 -0.7020 0.7897 -0.5816 0.6109 0.5291]
         YData: [0.6732 -0.5583 -1.9663 -0.7216 1.0625 0.4638 0.2905 -0.5177 1.2740]
         ZData: [0 0 0 0 0 0 0 0 0]

  Show all properties

>> highlight(pg, n, 'NodeColor', 'r', 'Marker', '^')
>> %Zadanie 3 a
>> d=randi([1,6], [1,9])

d =

     2     1     3     5     1     5     2     4     4

>> %Zadanie 3 b
>> M=randi([-2,3], d);
>> %Zadanie 3 c
>> size(M)

ans =

     2     1     3     5     1     5     2     4     4

>> 
>> M=shiftdim(M,2);
>> size(M)

ans =

     3     5     1     5     2     4     4     2

>> %Zadanie 3 d
>> M=squeeze(M);
>> size(M)

ans =

     3     5     5     2     4     4     2

>> %Zadanie 3 e
>> M(:,2,:,:,:,:)=0;
>> M(3,2,1,1,1,1)

ans =

     0

>> 